1000
1001
1002
1003
1004
1005
1007
1090
1091
1093
1094
1095
1096
1097
1098
1099
1100
1111
1114
1116
1117
1118
1119
1122
1123
1124
1125
1126
1127
1130
1131
1132
1133
1134
1135
1158
1159
1201
1202
1203
121 
1211
1217
1218
122 
1223
1224
1225
1226
1227
1228
123 
1230
1231
1232
1233
1234
1235
1236
1237
124 
1240
1241
1242
1243
1248
1249
1252
1253
1254
1255
1256
1257
1260
1261
1262
1263
1264
1265
1266
1267
1271
1275
1276
1278
1280
1284
1285
1286
1288
1289
1290
1291
1292
1293
1294
1295
1296
1297
1298
1299
1303
1304
1305
1306
1307
1308
1310
1314
1315
1316
1317
1318
1319
1320
1322
1323
1325
1326
1327
1328
1332
1333
1334
1337
1338
1339
1340
1351
1352
1353
1354
1356
1362
1363
1371
1372
1377
1380
1381
1382
1383
1384
1385
1390
1392
1393
1394
1395
1397
1398
1399
1400
1402
1405
1409
1410
1414
1415
1422
1446
1447
1448
1450
1451
1452
1453
1454
1455
1456
1457
1458
1459
1460
1461
1462
1463
1465
1466
1467
1475
1478
1479
1480
1481
1484
1485
1486
1487
1500
1501
1503
1505
1506
1507
1508
1509
1510
1512
1513
1520
1521
1523
1525
1526
1527
1537
1554
1555
1556
1574
1575
1576
1577
1579
1585
1586
1587
1600
1602
1603
1604
1605
1606
1609
1612
1614
1619
1624
1625
1627
1629
1630
1631
1632
1633
1634
1635
1636
1637
1638
1639
1646
1647
1648
1649
1653
1702
1703
1704
1705
1730
1731
1732
1752
1777
1800
1801
1802
1803
1804
1805
1806
1807
1829
1847
1848
1853
189 
1890
1891
1892
190 
2001
2002
2003
2004
2005
2006
2008
2031
2072
2076
2077
2090
2091
2100
2101
2105
2106
2107
2108
2110
2111
2116
2117
2118
2119
2120
2121
2122
2123
2124
2125
2126
2128
2130
2132
2140
2141
2144
2145
2146
2148
2151
2152
2155
2156
2157
2158
2159
2161
2163
2170
2171
2178
2179
2180
2194
2203
2204
2205
2217
2218
2219
2221
2238
2240
2241
2260
2261
2262
2263
2264
2265
2266
2267
2280
2281
2282
2284
2285
2286
2287
2288
2290
2293
2295
2297
2299
2310
2314
2315
2317
2325
2326
2327
2328
2329
2330
2331
2333
2334
2335
2336
2337
2338
2339
2355
2364
2365
2367
2368
2375
2380
2381
2382
2386
2387
2394
2395
2400
2401
2402
2403
2404
2406
2407
2408
2409
2410
2412
2413
2421
2422
2423
2424
2425
2426
2427
2432
2433
2434
2435
2436
2437
2438
2439
2440
2441
2442
2443
2450
2451
2452
2454
2455
2456
2457
2458
2459
2460
2461
2462
2463
2464
2465
2466
2467
2468
2469
2470
2471
2472
2473
2474
2475
2477
2478
2479
2482
2484
2487
2488
2489
2490
2491
2492
2494
2498
2499
2500
2502
2503
2507
2508
2509
2510
2512
2607
2608
    
2625
2626
2630
2631
2632
2633
2634
2635
2636
2637
2638
2639
2642
2643
2646
2647
2653
2675
2677
2704
2705
2706
2707
3031
3065
3072
3078
3079
3081
3082
3086
3089
3090
3091
3092
3093
3094
3095
3096
3097
3098
3101
3102
3104
3105
3107
3108
3109
3110
3195
3210
3211
3212
3213
3214
3215
3216
3217
3218
3219
3220
3221
3222
3230
3231
3232
3233
3234
3235
3236
3237
3238
3239
3245
3246
3247
3248
3249
3250
3251
3252
3253
3254
3255
3256
3260
3261
3265
3266
3267
3270
3271
3272
3273
3274
3280
3281
3290
3291
3292
3293
3294
3295
3296
3297
3298
3299
3305
3306
3307
3308
3312
3315
3316
3317
3318
3319
3320
3321
3322
3325
3326
3330
3331
3335
3336
3337
3340
3341
3342
3343
3344
3345
3350
3351
3352
3353
3354
3355
3356
3357
3358
3359
3360
3361
3362
3363
3364
3365
3366
3367
3368
3375
3376
3380
3381
3382
3383
3384
3390
3391
3392
3393
3394
3395
3400
3401
3402
3403
3415
3416
3417
3420
3421
3422
3423
3430
3431
3435
3446
3447
3448
3449
3450
3451
3456
3457
3458
3459
3460
3461
3466
3467
3468
3469
3470
3471
3476
3477
3486
3487
3492
3493
3494
3495
3496
3497
3498
3499
3500
3506
3507
3508
3509
3510
3511
3512
3513
3514
3520
3521
3522
3523
3524
3525
3526
3527
3528
3976
3977
3978
3979
3980
3981
3982
3983
3984
3985
3986
3987
3988
3989
3990
3991
3992
3993
3994
3995
3996
3997
3998
3999
4000
4001
4002
4003
4004
4005
4006
4007
4008
4009
4010
4011
4018
4019
4020
4021
4022
4023
4025
4030
4031
4032
4033
4034
4035
4036
4037
4038
4038
4039
4040
4041
4042
4043
4044
4045
4046
4047
4048
4049
4050
4051
4052
4053
4054
4055
4056
4057
4058
4059
4060
4061
4072
4073
4074
4075
4076
4077
4078
4079
4080
4081
4082
4083
4084
4085
4086
4087
4088
4089
4090
4160
4161
4180
4190
4196
4222
4253
4254
4255
4256
4257
4258
4259
4260
4272
4274
4275
4276
4277
4285
4286
4294
4295
4298
4299
4300
4303
4307
4308
4311
4313
4315
4316
4334
4335
4337
4338
4339
4340
4341
4352
4353
4354
4355
4356
4357
4358
4359
4360
4361
4362
4363
4364
4365
4366
4367
4368
4369
4370
4371
4372
4373
4374
4375
4376
4380
4381
4382
4383
4384
4385
4386
4387
4388
4389
4416
4417
4418
4419
4420
4421
4422
4423
4424
4425
4426
4428
4429
4431
4432
4433
4435
4437
4438
4439
4440
4441
4442
4443
4444
4445
4446
4447
4448
4449
4450
4451
4452
4453
4454
4455
4456
4457
4458
4459
4460
4461
4462
4463
4464
4465
4466
4467
4468
4470
4471
4472
4473
4474
4475
4476
4477
4478
4479
4480
4481
4482
4483
4484
4485
4486
4487
4488
4489
4490
4491
4492
4493
4494
4495
4496
4497
4498
4499
4500
4501
4502
4503
4504
4505
4506
4507
4508
4509
4510
4511
4512
4513
4514
4515
4516
4517
4518
4519
4520
4521
4522
4523
4524
4525
4526
4527
4528
4529
4530
4531
4532
4533
4536
4537
4538
4539
4540
4541
4542
4543
4544
4545
4546
4547
4548
4549
4550
4551
4552
4553
4554
4555
4556
4557
4558
4559
4560
4561
4562
4563
4564
4565
4566
4567
4571
4572
4573
4574
4575
4576
4577
4578
4579
4580
4581
4582
4583
4584
4585
4586
4587
4588
4589
4590
4591
4592
4593
4594
4602
4610
4611
4612
4613
4614
4615
4617
4618
4619
4620
4629
4630
4631
4632
4633
4634
4635
4636
4637
4638
4639
4640
4641
4642
4643
4644
4645
4646
4647
4648
4649
    
4650
4651
4652
4653
4654
4660
4661
4662
4663
4664
4665
4666
4667
4668
4674
4675
4676
4677
4678
4679
4680
4681
4682
4688
4689
4690
4691
4692
4693
4694
4695
4696
4790
4791
4792
49  
50  
5048
5049
5050
5051
5073
5074
5170
5171
5172
5174
5175
5176
5178
5179
5180
5200
5201
5202
5203
5393
5394
54  
5400
5405
5406
5410
5411
5412
5418
5420
5424
5425
5429
5430
5431
5432
5438
5439
5442
5461
5464
5467
5468
5470
5471
5472
5474
5476
5477
5491
5494
5506
5508
5509
5513
5514
5515
5517
5518
5520
5521
5522
5523
5524
5525
5640
5641
5650
5651
5652
5653
5659
5660
5661
5662
5663
5664
5665
5666
5667
5668
5669
5672
5674
5675
5677
5680
5681
5682
5683
5684
5685
5691
5692
5693
5694
5695
5696
5697
5700
5701
5702
5703
5705
5706
5707
5708
5709
5710
5712
5713
5714
5715
5716
5717
5718
5719
5720
5721
5722
5723
5724
5725
5726
5727
5729
5730
5734
5737
5738
5739
5740
5741
5742
5743
5760
5761
5762
5763
5765
5766
5772
5773
5774
5775
5776
5777
5778
5780
5781
5782
5785
5787
5788
5789
5798
5799
58  
5887
5891
5894
5896
5897
59  
5900
5901
5902
5903
5904
5905
5906
5907
5908
5909
5910
5915
5916
5927
5928
5929
5933
5934
5935
5940
5986
5987
6239
6401
6402
6404
6409
6410
6411
6431
6432
6433
6434
6435
6439
6440
6441
6458
6475
6476
6477
6478
6479
6480
6501
6502
6503
6504
6505
6506
6507
6516
6517
6595
6660
6661
6662
6663
6664
6665
6666
6667
6668
6669
6670
6671
6672
6680
6681
6682
6685
6686
6696
6697
6698
6699
6704
6717
6754
6755
6756
6757
6758
6759
6760
6761
6762
6763
6770
6771
6772
6773
6774
6775
6777
6787
6801
6802
6803
6804
6805
6806
6808
6810
6830
6832
6880
6882
6884
6885
6886
6931
6935
6936
6937
6938
6939
6940
6941
6942
6943
6944
6945
6946
6947
6948
6950
6952
6954
6956
6957
6958
6959
6960
6961
6962
6963
6964
6965
6966
6967
6968
6969
6970
6971
6972
6973
6974
6975
6976
6977
6978
6979
6980
6981
6990
6991
6995
6996
6997
6998
6999
7010
7011
7012
7015
7016
7017
7018
7019
7020
7021
7022
7023
7024
7025
7026
7027
7029
7031
7032
7034
7036
7037
7038
7039
7040
7041
7043
7044
7045
7046
7047
7048
7049
7050
7051
7052
7053
7054
7055
7056
7057
7058
7059
7060
7065
7068
7069
7070
7071
7072
7073
7074
7085
7086
7087
7090
7092
7093
7097
7098
7099
7100
7101
7102
7112
7113
7125
7128
7129
7134
7135
7136
7137
7138
7139
7145
7147
7152
7153
7154
7159
7160
7161
7163
7164
7165
7167
7168
7169
7174
7176
7178
7180
7181
7182
7183
7185
7186
7192
7193
7194
7195
7198
7202
7205
7206
7207
7215
7218
7219
7220
7224
7225
7228
7234
7244
7245
7246
7247
7250
7251
7256
7257
7260
7261
7262
7263
7264
7265
7266
7267
7268
7269
7270
7271
7275
7276
7277
7278
7280
7281
7282
7283
7284
7285
7286
7287
7288
7289
7290
7291
7292
7293
7294
7297
7298
7299
7300
7302
7303
7304
7305
7306
7307
7308
7314
7315
7316
7317
7318
7319
7332
7333
7334
7336
7338
7343
7344
7345
7347
7348
7353
7357
7358
7359
7361
7385
7386
7400
7401
7402
7405
7406
7407
7408
7409
7410
7411
7412
7416
7417
7418
7419
7420
7421
7422
7426
7427
7428
7429
7430
7435
7436
7437
7438
7441
7443
7444
7445
7446
7447
7449
7450
7451
7452
7453
7454
7455
7459
7463
7464
7466
7467
7468
7469
7470
7471
7472
7473
7474
7475
7476
7477
7479
7480
7483
7484
7485
7486
7488
7489
7491
7493
7494
7495
7497
7498
7500
7501
7502
7503
7504
7505
7506
7508
7509
7510
7511
7512
7513
7514
7515
7516
7517
7518
7520
7521
7522
7523
7527
7530
7531
7532
7533
7534
7536
7537
7540
7541
7542
7543
7544
7550
7551
7552
7553
7554
7555
7556
7557
7558
7560
7561
7562
7563
7564
7567
7568
7569
7580
7581
7582
7583
7584
7585
7591
7592
7593
7594
7595
7596
7597
7602
7603
7604
7606
7607
7608
7609
7610
7611
7612
7613
7614
7615
7616
7617
7618
7619
7620
7621
7622
7623
7624
7625
7626
7627
7631
7632
7634
7635
7636
7637
7640
7641
7642
7643
7644
7645
7646
7648
7649
7650
7651
7652
7653
7654
7655
7656
7657
7658
7659
7660
7661
7662
7663
7664
7665
7666
7667
7668
7672
7673
7674
7675
7676
7677
7678
7679
7680
7681
7682
7683
7684
7685
7686
7687
7688
7690
7691
7692
7693
7694
7695
7696
7697
7698
7699
7701
7702
7703
7704
7708
7711
7713
7714
7715
7716
7717
7718
7719
7720
7721
7722
7724
7726
7728
7729
7731
7732
7733
7734
7735
7737
7739
7740
7741
7742
7743
7744
7745
7746
7747
7748
7749
7750
7751
7752
7753
7754
7771
7772
7773
7774
7775
7776
7777
7778
7779
7780
7781
7782
7783
7784
7785
7786
7787
7788
7789
7790
7791
7792
7793
7794
7795
7796
7797
7798
7799
7800
7806
7807
7808
7813
7817
7820
7822
7823
7824
7825
7826
7827
7828
7830
7833
7834
7838
7839
7840
7841
7842
7843
7852
7853
7854
7855
7856
7857
7858
7859
7862
7863
7864
7865
7866
7867
7868
7869
7870
7871
7872
7873
7874
7875
7876
7877
7878
7879
7880
7881
7882
7883
7884
7885
7886
7887
7888
7889
7890
7891
7892
7893
7894
7896
7897
7901
7902
7903
7904
7905
7906
7907
7908
7909
7910
7911
7912
7913
7914
7915
7916
7917
7918
7934
7935
7936
7937
7940
7941
7942
7944
7945
794630      
794656      
7947
7948
7950
7951
7952
7953
7957
7958
7959
7960
7970
7971
7972
7974
7976
7980
7981
7982
7983
7984
7985
7989
7992
7993
7994
7999
8001
8002
8003
8004
8005
8006
8007
8008
8009
8011
8018
8019
8021
8024
8025
8026
8027
8028
8029
8030
8031
8032
8033
8034
8038
8039
8040
8041
8043
8045
8048
8049
8050
8051
8052
8053
8054
8055
8056
8057
8058
8059
8060
8061
8065
8066
8068
8075
8076
8081
8082
8083
8084
8085
8086
8087
8088
8089
8090
8091
8092
8093
8094
8095
8097
8099
8105
8108
8109
8110
8111
8112
8113
8114
8115
8116
8118
8119
8120
8128
812800      
8129
8131
8132
8133
8134
8135
8137
8138
8139
8140
8148
8153
8155
8156
8157
8158
8159
8161
8164
8173
8177
8183
8189
8200
8203
8206
8207
8212
8213
8214
8215
8216
8217
8218
8219
8220
8221
8222
8223
8227
8228
8229
8230
8231
8232
8247
8251
8252
8254
8261
8265
8268
8270
8271
8272
8273
8274
8285
8286
8287
8289
8290
8291
8292
8293
8294
8295
8296
8297
8298
8300
8307
8320
8321
8322
8323
8324
8325
8326
8327
8328
8329
8330
8331
8332
8341
8342
8343
8352
8354
8355
8356
8357
8367
8368
8369
8402
8413
8414
8416
8418
8419
8420
8427
8428
8429
8430
8431
8432
8433
8434
8435
8436
8437
8438
8439
8440
8441
8442
8443
8444
8449
8450
8451
8452
8453
8455
8456
8473
8474
8475
8476
8477
8481
8482
8483
8489
8490
8491
8492
8493
8494
8495
8496
8497
8499
8500
8501
8502
8503
8511
8512
8513
8514
8516
8517
8519
8520
8529
8530
8531
8532
8533
8534
8541
8542
8543
8544
8545
8546
8547
8548
8549
8550
8551
8552
8553
8554
8555
8557
8558
8559
8560
8561
8562
8563
8564
8565
8566
8567
8568
8569
8570
8571
8572
8573
8574
8576
8578
8579
8580
8581
8582
8583
8584
8585
8586
8587
8588
8589
8590
8593
8594
8595
8596
8597
8598
8602
8603
8604
8605
8606
8608
8609
8610
8617
8618
8619
8620
8621
8622
8631
8632
8633
8634
8635
8637
8638
8639
8643
8648
8649
8650
8652
8653
8654
8655
8656
8657
8658
8659
8660
8661
8662
8663
8664
8665
8666
8667
8668
8669
8670
8671
8672
8673
8674
8675
8676
8677
8678
8679
8680
8681
8682
8683
8684
8685
8686
8687
8688
8689
8690
8696
8697
8698
8699
8700
8701
8707
8708
8711
8712
8715
8716
8717
8718
8722
8725
8726
8730
8731
8732
8733
8734
8736
8739
8740
8743
8744
8745
8746
8747
8748
8750
8751
8752
8753
8754
8755
8756
8757
8758
8759
8760
8761
8762
8764
8765
8767
8768
8769
8771
8772
8774
8776
8777
8778
8779
8780
8781
8782
8786
8787
8789
8790
8791
8792
8793
8797
8800
8801
8802
8803
8805
8806
8807
8808
8809
8810
8811
8812
8813
8814
8815
8816
8817
8818
8819
8820
8821
8822
8823
8824
8825
8826
8827
8828
8829
8830
8831
8832
8833
8834
8835
8836
8840
8841
8842
8843
8844
8847
8848
8849
8851
8852
8853
8854
8855
8856
8857
8858
8860
8861
8862
8864
8865
8866
8867
8868
8869
8872
8873
8874
8876
8877
8878
8884
8890
8891
8892
8893
8894
8895
8896
8897
8898
8900
8902
8904
8905
8907
8908
8909
8910
8911
8913
8914
8918
8921
8922
8930
8931
8932
8933
8934
8935
8936
8937
8940
8945
8947
8948
8949
8950
8951
8952
8953
8955
8956
8957
8958
8959
8976
8977
8978
8979
8980
8981
8982
8983
8984
8986
8988
8989
8990
8991
8992
8993
8995
9010
9011
9012
9013
9019
9020
9021
9022
9023
9024
9025
9026
9027
9028
9029
9074
9075
9076
9077
9078
9079
9080
9081
9108
9118
9119
9120
9140
9141
9144
9166
9167
9168
9169
9170
9171
9172
9173
9174
9175
9176
9177
9178
9179
9180
9181
9182
9183
9184
9185
9186
9187
9188
9189
9190
9191
9192
9193
9194
9195
9199
9200
9201
9202
9203
9204
9205
9206
9207
9208
9209
9210
9211
9225
9226
9227
9228
9229
9230
9231
9232
9233
9234
9235
9236
9237
9238
9239
9240
9241
9242
9243
9244
9245
9247
9248
9259
9260
9261
9262
9263
9264
9265
9266
9267
9268
9269
9270
9271
9272
9273
9274
9275
9276
9277
9278
9279
9280
9281
9282
9283
9284
9285
9286
9287
9288
9289
9290
9291
9292
9293
9294
9295
9296
9297
9298
9305
9306
9307
9308
9309
9310
9311
9330
9331
9332
9333
9334
9335
9336
9423
9424
9425
9426
9427
9428
9429
9430
9431
9432
9433
9434
9439
9440
9441
9442
9463
9464
9500
9501
9502
9503
9504
9505
9506
9507
9590
9591
9592
9593
9594
9595
9596
9597
9598
9599
9624
9629
9630
9633
9634
9635
9636
9637
9638
9639
9641
9642
9643
9646
9647
9649
9650
9651
9652
9653
9654
9656
9657
9660
9745
975 
9755
9756
9765
9766
9767
9768
9769
9770
9771
9772
9773
9774
9793